#parameters of run: 
#Number of Sensors 5
#Sensor Range: 35
#POI: 441
#Sensor from file: :WSN-5d.txt
#Sensor states from file: not applied
#id q     s   1 2 3 4 5   q1   q2   q3   q4   q5 
0   0.00  0   0 0 0 0 0   0.00 0.00 0.00 0.00 0.00 
1   0.33  1   0 0 0 0 1   0.09 0.31 0.49 0.31 1.00 
2   0.33  2   0 0 0 1 0   0.31 0.09 0.49 1.00 0.31 
3   0.56  3   0 0 0 1 1   0.33 0.33 0.73 1.00 1.00 
......
10  0.64  10  0 1 0 1 0  0.55 1.00 0.89 1.00 0.55 
......
......
20  0.51  20  1 0 1 0 0  1.00 0.55 1.00 0.55 0.50 
......
30  0.80  30  1 1 1 1 0  1.00 1.00 1.00 1.00 0.61 
31  0.94  31  1 1 1 1 1  1.00 1.00 1.00 1.00 1.00 
